380322410522
380322413917
380322421977
380322427398
380322445051
380322452698
380322902119
380442476684
380443723501
380445819188
380445877981
380445942979
380503005317
380503018307
380503051053
380503052489
380503085926
380503595137
380503596021
380503726548
380567369129
380567858902
380567976011
380567976213
380622074912
380623311046
380623486799
380623499612
380672305032
380673210114
380673210236
380673210337
380673230211
380673430174
380673431550
380673508810
380674661261
380674661476
380674756748
380674806129
380674806299
380674806977
380674807163
380675078687
380676711271
380676714851
380919440205
380927161131
380952605692
380952680059
380322295512
380322295934
380322410522
380322426797
380322429979
380322445051
380442477200
380442477203
380442477295
380443931090
380445877981
380487100037
380567369129
380622074912
380673210337
380674661476
380674806299
380675501907
380675501942
380676229953
380676229976
380676714926
380676740342
380676740347
380676746321
380676746329
380676746432
380676748376
380676748394
380676748416
380965488372
380676750941
380673710018
380322421822
380322421823
380443937178
380322421977
380322426490
380503005317
380567976213
380503052489
380503051053
380503085926
380503596021
380503595137
380503018307
380443931093
380675501928
380676714851
380676711271
380673432737
380676750895
380487100069
380676748426
380675501832
380503726548
380676714952
380673618996
380674661261
380673430174
380676714925
380676765822
380623311046
380674806977
380322295140
380443723501
380322295512
380322295934
380322410522
380322426797
380322429979
380322445051
380442477200
380442477203
380442477295
380443931090
380445877981
380487100037
380567369129
380622074912
380673210337
380674661476
380674806299
380675501907
380675501942
380676229953
380676229976
380676714926
380676740342
380676740347
380676746321
380676746329
380676746432
380676748376
380676748394
380676748416
380965488372
380676750941
380673710018
380322421822
380322421823
380443937178
380322421977
380322426490
380503005317
380567976213
380503052489
380503051053
380503085926
380503596021
380503595137
380503018307
380443931093
380675501928
380676714851
380676711271
380673432737
380676750895
380487100069
380676748426
380675501832
380503726548
380676714952
380673618996
380674661261
380673430174
380676714925
380676765822
380623311046
380674806977
380322295140
380443723501
380676746276
380445942979
380442476684
380322295993
380322295512
380322295934
380322410522
380322426797
380322429979
380322445051
380442477200
380442477203
380442477295
380443931090
380445877981
380487100037
380567369129
380622074912
380673210337
380674661476
380674806299
380675501907
380675501942
380676229953
380676229976
380676714926
380676740342
380676740347
380676746321
380676746329
380676746432
380676748376
380676748394
380676748416
380965488372
380676750941
380673710018
380322421822
380322421823
380443937178
380322421977
380322426490
380503005317
380567976213
380503052489
380503051053
380503085926
380503596021
380503595137
380503018307
380443931093
380675501928
380676714851
380676711271
380322295512
380322295934
380322410522
380322426797
380322429979
380322445051
380442477200
380442477203
380442477295
380443931090
380445877981
380487100037
380567369129
380622074912
380673210337
380674661476
380674806299
380675501907
380675501942
380676229953
380676229976
380676714926
380676740342
380676740347
380676746321
380676746329
380676746432
380676748376
380676748394
380676748416
380965488372
380676750941
380673710018